{
    "Number_of_customers": 25,
    "customer_1": {
        "coordinates": {
            "x": 100.0,
            "y": 200.0
        },
        "demand": 0.0,
        "due_time": 0.0,
        "ready_time": 0.0,
        "service_time": 0.0
    },
    "customer_10": {
        "coordinates": {
            "x": 35.0,
            "y": 66.0
        },
        "demand": 1.0,
        "due_time": 0.0,
        "ready_time": 0.0,
        "service_time": 0.0
    },
    "customer_11": {
        "coordinates": {
            "x": 35.0,
            "y": 69.0
        },
        "demand": 1.0,
        "due_time": 0.0,
        "ready_time": 0.0,
        "service_time": 0.0
    },
    "customer_12": {
        "coordinates": {
            "x": 25.0,
            "y": 85.0
        },
        "demand": 1.0,
        "due_time": 0.0,
        "ready_time": 0.0,
        "service_time": 0.0
    },
    "customer_13": {
        "coordinates": {
            "x": 22.0,
            "y": 75.0
        },
        "demand": 1.0,
        "due_time": 0.0,
        "ready_time": 0.0,
        "service_time": 0.0
    },
    "customer_14": {
        "coordinates": {
            "x": 22.0,
            "y": 25.0
        },
        "demand": 1.0,
        "due_time": 0.0,
        "ready_time": 0.0,
        "service_time": 0.0
    },
    "customer_15": {
        "coordinates": {
            "x": 20.0,
            "y": 80.0
        },
        "demand": 1.0,
        "due_time": 0.0,
        "ready_time": 0.0,
        "service_time": 0.0
    },
    "customer_16": {
        "coordinates": {
            "x": 20.0,
            "y": 85.0
        },
        "demand": 1.0,
        "due_time": 0.0,
        "ready_time": 0.0,
        "service_time": 0.0
    },
    "customer_17": {
        "coordinates": {
            "x": 18.0,
            "y": 75.0
        },
        "demand": 1.0,
        "due_time": 0.0,
        "ready_time": 0.0,
        "service_time": 0.0
    },
    "customer_18": {
        "coordinates": {
            "x": 15.0,
            "y": 150.0
        },
        "demand": 1.0,
        "due_time": 0.0,
        "ready_time": 0.0,
        "service_time": 0.0
    },
    "customer_19": {
        "coordinates": {
            "x": 15.0,
            "y": 50.0
        },
        "demand": 1.0,
        "due_time": 0.0,
        "ready_time": 0.0,
        "service_time": 0.0
    },
    "customer_2": {
        "coordinates": {
            "x": 45.0,
            "y": 70.0
        },
        "demand": 1.0,
        "due_time": 0.0,
        "ready_time": 0.0,
        "service_time": 0.0
    },
    "customer_20": {
        "coordinates": {
            "x": 30.0,
            "y": 50.0
        },
        "demand": 1.0,
        "due_time": 0.0,
        "ready_time": 0.0,
        "service_time": 0.0
    },
    "customer_21": {
        "coordinates": {
            "x": 30.0,
            "y": 52.0
        },
        "demand": 1.0,
        "due_time": 0.0,
        "ready_time": 0.0,
        "service_time": 0.0
    },
    "customer_22": {
        "coordinates": {
            "x": 28.0,
            "y": 52.0
        },
        "demand": 1.0,
        "due_time": 0.0,
        "ready_time": 0.0,
        "service_time": 0.0
    },
    "customer_23": {
        "coordinates": {
            "x": 28.0,
            "y": 15.0
        },
        "demand": 1.0,
        "due_time": 0.0,
        "ready_time": 0.0,
        "service_time": 0.0
    },
    "customer_24": {
        "coordinates": {
            "x": 25.0,
            "y": 50.0
        },
        "demand": 1.0,
        "due_time": 0.0,
        "ready_time": 0.0,
        "service_time": 0.0
    },
    "customer_25": {
        "coordinates": {
            "x": 25.0,
            "y": 25.0
        },
        "demand": 1.0,
        "due_time": 0.0,
        "ready_time": 0.0,
        "service_time": 0.0
    },
    "customer_3": {
        "coordinates": {
            "x": 42.0,
            "y": 66.0
        },
        "demand": 1.0,
        "due_time": 0.0,
        "ready_time": 0.0,
        "service_time": 0.0
    },
    "customer_4": {
        "coordinates": {
            "x": 42.0,
            "y": 68.0
        },
        "demand": 1.0,
        "due_time": 0.0,
        "ready_time": 0.0,
        "service_time": 0.0
    },
    "customer_5": {
        "coordinates": {
            "x": 52.0,
            "y": 65.0
        },
        "demand": 1.0,
        "due_time": 0.0,
        "ready_time": 0.0,
        "service_time": 0.0
    },
    "customer_6": {
        "coordinates": {
            "x": 80.0,
            "y": 69.0
        },
        "demand": 1.0,
        "due_time": 0.0,
        "ready_time": 0.0,
        "service_time": 0.0
    },
    "customer_7": {
        "coordinates": {
            "x": 40.0,
            "y": 66.0
        },
        "demand": 1.0,
        "due_time": 0.0,
        "ready_time": 0.0,
        "service_time": 0.0
    },
    "customer_8": {
        "coordinates": {
            "x": 38.0,
            "y": 68.0
        },
        "demand": 1.0,
        "due_time": 0.0,
        "ready_time": 0.0,
        "service_time": 0.0
    },
    "customer_9": {
        "coordinates": {
            "x": 88.0,
            "y": 70.0
        },
        "demand": 1.0,
        "due_time": 0.0,
        "ready_time": 0.0,
        "service_time": 0.0
    },
    "depart": {
        "coordinates": {
            "x": 40.0,
            "y": 50.0
        },
        "demand": 0.0,
        "due_time": 0.0,
        "ready_time": 0.0,
        "service_time": 0.0
    },
    "distance_matrix": [
        [
            0.0,
            161.55494421403512,
            20.615528128088304,
            16.1245154965971,
            18.110770276274835,
            19.209372712298546,
            44.28317965096906,
            16.0,
            18.110770276274835,
            52.0,
            16.76305461424021,
            19.6468827043885,
            38.07886552931954,
            30.805843601498726,
            30.805843601498726,
            36.05551275463989,
            40.311288741492746,
            33.301651610693426,
            103.07764064044152,
            25.0,
            10.0,
            10.198039027185569,
            12.165525060596439,
            37.0,
            15.0,
            29.154759474226502
        ],
        [
            161.55494421403512,
            0.0,
            141.15594213493105,
            146.01369798755184,
            144.18044250174847,
            143.27944723511465,
            132.51792331605563,
            146.81961721786362,
            145.83552379307312,
            130.5526713629407,
            148.93287078412206,
            146.23952953972466,
            137.2953021774598,
            147.33974345029924,
            191.59592897553955,
            144.22205101855957,
            140.089257261219,
            149.4958193395387,
            98.6154146165801,
            172.40939649566667,
            165.5294535724685,
            163.7192719260625,
            164.58432489152787,
            198.5170017907786,
            167.70509831248424,
            190.3943276465977
        ],
        [
            20.615528128088304,
            141.15594213493105,
            0.0,
            5.0,
            3.605551275463989,
            8.602325267042627,
            35.014282800023196,
            6.4031242374328485,
            7.280109889280518,
            43.0,
            10.770329614269007,
            10.04987562112089,
            25.0,
            23.53720459187964,
            50.53711507397311,
            26.92582403567252,
            29.154759474226502,
            27.459060435491963,
            85.44003745317531,
            36.05551275463989,
            25.0,
            23.430749027719962,
            24.758836806279895,
            57.56735185849702,
            28.284271247461902,
            49.24428900898052
        ],
        [
            16.1245154965971,
            146.01369798755184,
            5.0,
            0.0,
            2.0,
            10.04987562112089,
            38.118237105091836,
            2.0,
            4.47213595499958,
            46.17358552246078,
            7.0,
            7.615773105863909,
            25.495097567963924,
            21.93171219946131,
            45.617978911828175,
            26.076809620810597,
            29.068883707497267,
            25.632011235952593,
            88.23264701911646,
            31.38470965295043,
            20.0,
            18.439088914585774,
            19.79898987322333,
            52.88667128870941,
            23.345235059857504,
            44.384682042344295
        ],
        [
            18.110770276274835,
            144.18044250174847,
            3.605551275463989,
            2.0,
            0.0,
            10.44030650891055,
            38.01315561749642,
            2.8284271247461903,
            4.0,
            46.04345773288535,
            7.280109889280518,
            7.0710678118654755,
            24.041630560342615,
            21.18962010041709,
            47.4236228055175,
            25.059928172283335,
            27.80287754891569,
            25.0,
            86.33075929238663,
            32.449961479175904,
            21.633307652783937,
            20.0,
            21.2602916254693,
            54.817880294662984,
            24.758836806279895,
            46.238512086787566
        ],
        [
            19.209372712298546,
            143.27944723511465,
            8.602325267042627,
            10.04987562112089,
            10.44030650891055,
            0.0,
            28.284271247461902,
            12.041594578792296,
            14.317821063276353,
            36.345563690772494,
            17.029386365926403,
            17.46424919657298,
            33.60059523282288,
            31.622776601683793,
            50.0,
            35.34119409414458,
            37.73592452822641,
            35.4400902933387,
            92.70382947861431,
            39.92492955535426,
            26.627053911388696,
            25.553864678361276,
            27.294688127912362,
            55.46169849544819,
            30.886890422961002,
            48.25971404805462
        ],
        [
            44.28317965096906,
            132.51792331605563,
            35.014282800023196,
            38.118237105091836,
            38.01315561749642,
            28.284271247461902,
            0.0,
            40.11234224026316,
            42.01190307520001,
            8.06225774829855,
            45.09988913511872,
            45.0,
            57.28001396647874,
            58.309518948453004,
            72.80109889280519,
            61.0,
            62.0966987850401,
            62.289646009589745,
            103.85566907973777,
            67.72001181334805,
            53.48831648126533,
            52.81098370604357,
            54.70831746635972,
            74.96665925596525,
            58.18934610390462,
            70.43436661176133
        ],
        [
            16.0,
            146.81961721786362,
            6.4031242374328485,
            2.0,
            2.8284271247461903,
            12.041594578792296,
            40.11234224026316,
            0.0,
            2.8284271247461903,
            48.16637831516918,
            5.0,
            5.830951894845301,
            24.20743687382041,
            20.12461179749811,
            44.77722635447622,
            24.413111231467404,
            27.586228448267445,
            23.769728648009426,
            87.64131445842195,
            29.68164415931166,
            18.867962264113206,
            17.204650534085253,
            18.439088914585774,
            52.392747589718944,
            21.93171219946131,
            43.657759905886145
        ],
        [
            18.110770276274835,
            145.83552379307312,
            7.280109889280518,
            4.47213595499958,
            4.0,
            14.317821063276353,
            42.01190307520001,
            2.8284271247461903,
            0.0,
            50.039984012787215,
            3.605551275463989,
            3.1622776601683795,
            21.400934559032695,
            17.46424919657298,
            45.880278987817846,
            21.633307652783937,
            24.758836806279895,
            21.18962010041709,
            85.16454661418682,
            29.206163733020468,
            19.697715603592208,
            17.88854381999832,
            18.867962264113206,
            53.9351462406472,
            22.20360331117452,
            44.9221548904324
        ],
        [
            52.0,
            130.5526713629407,
            43.0,
            46.17358552246078,
            46.04345773288535,
            36.345563690772494,
            8.06225774829855,
            48.16637831516918,
            50.039984012787215,
            0.0,
            53.150729063673246,
            53.009433122794285,
            64.76109943476871,
            66.18912297349165,
            79.88116173416608,
            68.73136110975832,
            69.63476143421474,
            70.178344238091,
            108.30050784737807,
            75.69015788066504,
            61.35144660071187,
            60.728905802755904,
            62.6418390534633,
            81.39410298049853,
            66.09841147864296,
            77.42092740338364
        ],
        [
            16.76305461424021,
            148.93287078412206,
            10.770329614269007,
            7.0,
            7.280109889280518,
            17.029386365926403,
            45.09988913511872,
            5.0,
            3.605551275463989,
            53.150729063673246,
            0.0,
            3.0,
            21.470910553583888,
            15.811388300841896,
            43.01162633521314,
            20.518284528683193,
            24.20743687382041,
            19.235384061671343,
            86.34813257969161,
            25.612496949731394,
            16.76305461424021,
            14.866068747318506,
            15.652475842498529,
            51.478150704935004,
            18.867962264113206,
            42.20189569201838
        ],
        [
            19.6468827043885,
            146.23952953972466,
            10.04987562112089,
            7.615773105863909,
            7.0710678118654755,
            17.46424919657298,
            45.0,
            5.830951894845301,
            3.1622776601683795,
            53.009433122794285,
            3.0,
            0.0,
            18.867962264113206,
            14.317821063276353,
            45.880278987817846,
            18.601075237738275,
            21.93171219946131,
            18.027756377319946,
            83.43260753446461,
            27.586228448267445,
            19.6468827043885,
            17.72004514666935,
            18.384776310850235,
            54.45181356024793,
            21.470910553583888,
            45.12205669071391
        ],
        [
            38.07886552931954,
            137.2953021774598,
            25.0,
            25.495097567963924,
            24.041630560342615,
            33.60059523282288,
            57.28001396647874,
            24.20743687382041,
            21.400934559032695,
            64.76109943476871,
            21.470910553583888,
            18.867962264113206,
            0.0,
            10.44030650891055,
            60.07495318350236,
            7.0710678118654755,
            5.0,
            12.206555615733702,
            65.76473218982953,
            36.40054944640259,
            35.35533905932738,
            33.37663853655727,
            33.13608305156178,
            70.06425622241343,
            35.0,
            60.0
        ],
        [
            30.805843601498726,
            147.33974345029924,
            23.53720459187964,
            21.93171219946131,
            21.18962010041709,
            31.622776601683793,
            58.309518948453004,
            20.12461179749811,
            17.46424919657298,
            66.18912297349165,
            15.811388300841896,
            14.317821063276353,
            10.44030650891055,
            0.0,
            50.0,
            5.385164807134504,
            10.198039027185569,
            4.0,
            75.32595834106593,
            25.96150997149434,
            26.248809496813376,
            24.351591323771842,
            23.769728648009426,
            60.29925372672534,
            25.179356624028344,
            50.08991914547278
        ],
        [
            30.805843601498726,
            191.59592897553955,
            50.53711507397311,
            45.617978911828175,
            47.4236228055175,
            50.0,
            72.80109889280519,
            44.77722635447622,
            45.880278987817846,
            79.88116173416608,
            43.01162633521314,
            45.880278987817846,
            60.07495318350236,
            50.0,
            0.0,
            55.036351623268054,
            60.03332407921454,
            50.15974481593781,
            125.19584657647394,
            25.96150997149434,
            26.248809496813376,
            28.160255680657446,
            27.65863337187866,
            11.661903789690601,
            25.179356624028344,
            3.0
        ],
        [
            36.05551275463989,
            144.22205101855957,
            26.92582403567252,
            26.076809620810597,
            25.059928172283335,
            35.34119409414458,
            61.0,
            24.413111231467404,
            21.633307652783937,
            68.73136110975832,
            20.518284528683193,
            18.601075237738275,
            7.0710678118654755,
            5.385164807134504,
            55.036351623268054,
            0.0,
            5.0,
            5.385164807134504,
            70.178344238091,
            30.4138126514911,
            31.622776601683793,
            29.732137494637012,
            29.120439557122072,
            65.49045732013177,
            30.4138126514911,
            55.226805085936306
        ],
        [
            40.311288741492746,
            140.089257261219,
            29.154759474226502,
            29.068883707497267,
            27.80287754891569,
            37.73592452822641,
            62.0966987850401,
            27.586228448267445,
            24.758836806279895,
            69.63476143421474,
            24.20743687382041,
            21.93171219946131,
            5.0,
            10.198039027185569,
            60.03332407921454,
            5.0,
            0.0,
            10.198039027185569,
            65.19202405202648,
            35.35533905932738,
            36.40054944640259,
            34.48187929913333,
            33.95585369269929,
            70.45565981523414,
            35.35533905932738,
            60.207972893961475
        ],
        [
            33.301651610693426,
            149.4958193395387,
            27.459060435491963,
            25.632011235952593,
            25.0,
            35.4400902933387,
            62.289646009589745,
            23.769728648009426,
            21.18962010041709,
            70.178344238091,
            19.235384061671343,
            18.027756377319946,
            12.206555615733702,
            4.0,
            50.15974481593781,
            5.385164807134504,
            10.198039027185569,
            0.0,
            75.05997601918082,
            25.179356624028344,
            27.730849247724095,
            25.942243542145693,
            25.079872407968907,
            60.8276253029822,
            25.96150997149434,
            50.48762224545735
        ],
        [
            103.07764064044152,
            98.6154146165801,
            85.44003745317531,
            88.23264701911646,
            86.33075929238663,
            92.70382947861431,
            103.85566907973777,
            87.64131445842195,
            85.16454661418682,
            108.30050784737807,
            86.34813257969161,
            83.43260753446461,
            65.76473218982953,
            75.32595834106593,
            125.19584657647394,
            70.178344238091,
            65.19202405202648,
            75.05997601918082,
            0.0,
            100.0,
            101.11874208078342,
            99.14131328563285,
            98.85848471426213,
            135.6244815658294,
            100.4987562112089,
            125.39936203984452
        ],
        [
            25.0,
            172.40939649566667,
            36.05551275463989,
            31.38470965295043,
            32.449961479175904,
            39.92492955535426,
            67.72001181334805,
            29.68164415931166,
            29.206163733020468,
            75.69015788066504,
            25.612496949731394,
            27.586228448267445,
            36.40054944640259,
            25.96150997149434,
            25.96150997149434,
            30.4138126514911,
            35.35533905932738,
            25.179356624028344,
            100.0,
            0.0,
            15.0,
            15.132745950421556,
            13.152946437965905,
            37.33630940518894,
            10.0,
            26.92582403567252
        ],
        [
            10.0,
            165.5294535724685,
            25.0,
            20.0,
            21.633307652783937,
            26.627053911388696,
            53.48831648126533,
            18.867962264113206,
            19.697715603592208,
            61.35144660071187,
            16.76305461424021,
            19.6468827043885,
            35.35533905932738,
            26.248809496813376,
            26.248809496813376,
            31.622776601683793,
            36.40054944640259,
            27.730849247724095,
            101.11874208078342,
            15.0,
            0.0,
            2.0,
            2.8284271247461903,
            35.05709628591621,
            5.0,
            25.495097567963924
        ],
        [
            10.198039027185569,
            163.7192719260625,
            23.430749027719962,
            18.439088914585774,
            20.0,
            25.553864678361276,
            52.81098370604357,
            17.204650534085253,
            17.88854381999832,
            60.728905802755904,
            14.866068747318506,
            17.72004514666935,
            33.37663853655727,
            24.351591323771842,
            28.160255680657446,
            29.732137494637012,
            34.48187929913333,
            25.942243542145693,
            99.14131328563285,
            15.132745950421556,
            2.0,
            0.0,
            2.0,
            37.05401462729781,
            5.385164807134504,
            27.459060435491963
        ],
        [
            12.165525060596439,
            164.58432489152787,
            24.758836806279895,
            19.79898987322333,
            21.2602916254693,
            27.294688127912362,
            54.70831746635972,
            18.439088914585774,
            18.867962264113206,
            62.6418390534633,
            15.652475842498529,
            18.384776310850235,
            33.13608305156178,
            23.769728648009426,
            27.65863337187866,
            29.120439557122072,
            33.95585369269929,
            25.079872407968907,
            98.85848471426213,
            13.152946437965905,
            2.8284271247461903,
            2.0,
            0.0,
            37.0,
            3.605551275463989,
            27.16615541441225
        ],
        [
            37.0,
            198.5170017907786,
            57.56735185849702,
            52.88667128870941,
            54.817880294662984,
            55.46169849544819,
            74.96665925596525,
            52.392747589718944,
            53.9351462406472,
            81.39410298049853,
            51.478150704935004,
            54.45181356024793,
            70.06425622241343,
            60.29925372672534,
            11.661903789690601,
            65.49045732013177,
            70.45565981523414,
            60.8276253029822,
            135.6244815658294,
            37.33630940518894,
            35.05709628591621,
            37.05401462729781,
            37.0,
            0.0,
            35.12833614050059,
            10.44030650891055
        ],
        [
            15.0,
            167.70509831248424,
            28.284271247461902,
            23.345235059857504,
            24.758836806279895,
            30.886890422961002,
            58.18934610390462,
            21.93171219946131,
            22.20360331117452,
            66.09841147864296,
            18.867962264113206,
            21.470910553583888,
            35.0,
            25.179356624028344,
            25.179356624028344,
            30.4138126514911,
            35.35533905932738,
            25.96150997149434,
            100.4987562112089,
            10.0,
            5.0,
            5.385164807134504,
            3.605551275463989,
            35.12833614050059,
            0.0,
            25.0
        ],
        [
            29.154759474226502,
            190.3943276465977,
            49.24428900898052,
            44.384682042344295,
            46.238512086787566,
            48.25971404805462,
            70.43436661176133,
            43.657759905886145,
            44.9221548904324,
            77.42092740338364,
            42.20189569201838,
            45.12205669071391,
            60.0,
            50.08991914547278,
            3.0,
            55.226805085936306,
            60.207972893961475,
            50.48762224545735,
            125.39936203984452,
            26.92582403567252,
            25.495097567963924,
            27.459060435491963,
            27.16615541441225,
            10.44030650891055,
            25.0,
            0.0
        ]
    ],
    "instance_name": "Input_Data",
    "max_vehicle_number": 10,
    "vehicle_capacity": 3.0
}